1000
1434.783
1869.5659999999998
2304.3489999999997
2413.0449999999996
2521.7409999999995
2630.4369999999994
2739.1329999999994
3173.9159999999993
3608.698999999999
4043.481999999999
4260.872999999999
4478.263999999998
4913.046999999999
5347.829999999999
5782.612999999999
5891.308999999999
6000.004999999999
6108.700999999999
6217.396999999999
6652.179999999999
7086.963
7521.746
7739.137
7956.527999999999
8391.311
8826.094
9260.876999999999
9369.572999999999
9478.268999999998
9586.964999999998
9695.660999999998
10130.443999999998
10565.226999999997
11000.009999999997
11217.400999999996
11434.791999999996
11869.574999999995
12304.357999999995
12739.140999999994
12847.836999999994
12956.532999999994
13065.228999999994
13173.924999999994
13608.707999999993
14043.490999999993
14478.273999999992
14913.056999999992
15347.839999999991
15782.62299999999
16217.40599999999
16652.18899999999
17086.97199999999
17521.75499999999
17739.14599999999
17956.53699999999
18173.92799999999
18391.31899999999
18826.101999999988
19260.884999999987
19695.667999999987
20130.450999999986
20565.233999999986
21000.016999999985
21217.407999999985
21434.798999999985
21652.189999999984
21869.580999999984
22304.363999999983
22739.146999999983
23173.929999999982
23608.71299999998
24043.49599999998
24478.27899999998
24695.66999999998
24913.06099999998
25130.45199999998
25347.84299999998
25782.62599999998
26217.408999999978
26652.191999999977
27086.974999999977
27521.757999999976
27956.540999999976
28391.323999999975
28826.106999999975
29043.497999999974
29260.888999999974
29478.279999999973
29695.670999999973
30130.453999999972
30347.844999999972
30565.23599999997
31000.01899999997
31434.80199999997
31652.19299999997
31869.58399999997
32086.97499999997
32304.36599999997
32521.75699999997
32739.14799999997
32956.53899999997
33173.92999999997
33608.712999999974
33826.10399999998
34043.49499999998
34260.885999999984
34478.27699999999
34695.66799999999
34913.058999999994
35130.45
35347.841
35565.232
35782.62300000001
36000.01400000001
36217.40500000001
36434.79600000002
36652.18700000002
37086.97000000002
37304.361000000026
37521.75200000003
37956.53500000003
38391.318000000036
38608.70900000004
38826.10000000004
39043.491000000045
39260.88200000005
39478.27300000005
39695.664000000055
39913.05500000006
40130.44600000006
40565.229000000065
40782.62000000007
41000.01100000007
41434.794000000074
41869.57700000008
42304.36000000008
42739.143000000084
42956.53400000009
43173.92500000009
43391.31600000009
43608.7070000001
44043.4900000001
44260.8810000001
44478.272000000106
44913.05500000011
45347.83800000011
45565.229000000116
45782.62000000012
46000.01100000012
46217.402000000126
46434.79300000013
46652.18400000013
46869.575000000135
47086.96600000014
47521.74900000014
47739.140000000145
47956.53100000015
48173.92200000015
48391.313000000155
48608.70400000016
48826.09500000016
49043.486000000164
49260.87700000017
49478.26800000017
49695.659000000174
49913.05000000018
50130.44100000018
50347.832000000184
50565.22300000019
51000.00600000019
51217.397000000194
51434.7880000002
51869.5710000002
52304.3540000002
52521.745000000206
52739.13600000021
52956.52700000021
53173.918000000216
53391.30900000022
53608.70000000022
53826.091000000226
54043.48200000023
54478.26500000023
54695.656000000236
54913.04700000024
55347.83000000024
55782.613000000245
56217.39600000025
56652.17900000025
56869.570000000254
57086.96100000026
57304.35200000026
57521.743000000264
57956.52600000027
58173.91700000027
58391.308000000274
58608.69900000028
58826.09000000028
59043.48100000028
59260.87200000029
59695.65500000029
59913.04600000029
60130.4370000003
60347.8280000003
60565.2190000003
60782.610000000306
61000.00100000031
61434.78400000031
61652.175000000316
61869.56600000032
62086.95700000032
62304.348000000326
62521.73900000033
62739.13000000033
63173.913000000335
63391.30400000034
63608.69500000034
63826.086000000345
64043.47700000035
64260.86800000035
64478.259000000355
64913.04200000036
65130.43300000036
65347.824000000364
65565.21500000036
65782.60600000036
65999.99700000037
66217.38800000037
66652.17100000037
66869.56200000037
67086.95300000037
67304.34400000038
67521.73500000038
67739.12600000038
67956.51700000039
68391.30000000038
68608.69100000038
68826.08200000039
69043.47300000039
69260.8640000004
69478.2550000004
69695.6460000004
70130.4290000004
70347.8200000004
70565.2110000004
70782.6020000004
70999.99300000041
71217.38400000041
71434.77500000042
71869.55800000041
72086.94900000042
72304.34000000042
72521.73100000042
72739.12200000043
72956.51300000043
73173.90400000043
73608.68700000043
73826.07800000043
74043.46900000043
74260.86000000044
74478.25100000044
74695.64200000044
74913.03300000045
75347.81600000044
75565.20700000045
75782.59800000045
75999.98900000045
76217.38000000046
76434.77100000046
76652.16200000046
77086.94500000046
77304.33600000046
77521.72700000046
77739.11800000047
77956.50900000047
78173.90000000047
78391.29100000048
78826.07400000047
79043.46500000048
79260.85600000048
79478.24700000048
79695.63800000049
79913.02900000049
80130.4200000005
80565.20300000049
80782.59400000049
80999.9850000005
81217.3760000005
81434.7670000005
81652.1580000005
81869.54900000051
82304.3320000005
82521.72300000051
82739.11400000051
82956.50500000051
83173.89600000052
83391.28700000052
83608.67800000052
84043.46100000052
84478.24400000052
84695.63500000052
84913.02600000052
85130.41700000053
85347.80800000053
86217.37300000053
86434.76400000053
86652.15500000054
86869.54600000054
87086.93700000054
87956.50200000055
88173.89300000055
88391.28400000055
88608.67500000056
88826.06600000056
89260.84900000055
89478.24000000056
89695.63100000056
89913.02200000056
90130.41300000057
90347.80400000057
90565.19500000057
90999.97800000057
91434.76100000057
91652.15200000057
91869.54300000057
92086.93400000058
92304.32500000058
93173.89000000058
93391.28100000058
93608.67200000059
93826.06300000059
94043.4540000006
94913.0190000006
95130.4100000006
95347.8010000006
95565.1920000006
95782.58300000061
96217.3660000006
96434.75700000061
96652.14800000061
96869.53900000062
97086.93000000062
97304.32100000062
97521.71200000063
97956.49500000062
98391.27800000062
98608.66900000062
98826.06000000062
99043.45100000063
99260.84200000063
100130.40700000063
100347.79800000064
100565.18900000064
100782.58000000064
100999.97100000065
101869.53600000065
102086.92700000065
102304.31800000065
102521.70900000066
102739.10000000066
103173.88300000066
103391.27400000066
103608.66500000066
103826.05600000067
104043.44700000067
104260.83800000067
104478.22900000068
104913.01200000067
105347.79500000067
105565.18600000067
105782.57700000067
105999.96800000068
106217.35900000068
107086.92400000068
107304.31500000069
107521.70600000069
107739.0970000007
107956.4880000007
108391.27100000069
108608.6620000007
108826.0530000007
109043.4440000007
109260.8350000007
109478.22600000071
109695.61700000071
110130.4000000007
110347.79100000071
110565.18200000071
110782.57300000072
110999.96400000072
111217.35500000072
111434.74600000073
111869.52900000072
112304.31200000072
112739.09500000071
113173.87800000071
113608.6610000007
114043.4440000007
114478.2270000007
114913.0100000007
115130.4010000007
115347.7920000007
115565.1830000007
115782.5740000007
116217.3570000007
116652.1400000007
117086.9230000007
117521.70600000069
117956.48900000069
118391.27200000068
118608.66300000068
118826.05400000069
119043.44500000069
119260.8360000007
119695.61900000069
120130.40200000069
120565.18500000068
120999.96800000068
121434.75100000067
121869.53400000067
122086.92500000067
122304.31600000068
122521.70700000068
122739.09800000068
123173.88100000068
123608.66400000067
124043.44700000067
124478.23000000067
124913.01300000066
125347.79600000066
125782.57900000065
126217.36200000065
126434.75300000065
126652.14400000066
126869.53500000066
127086.92600000066
127521.70900000066
127739.10000000066
127956.49100000066
128391.27400000066
128826.05700000066
129043.44800000066
129260.83900000066
129478.23000000067
129695.62100000067
129913.01200000067
130130.40300000068
130347.79400000068
130565.18500000068
130999.96800000068
131217.35900000067
131434.75000000067
131652.14100000067
131869.53200000068
132086.92300000068
132304.31400000068
132521.7050000007
132739.0960000007
132956.4870000007
133173.8780000007
133391.2690000007
133608.6600000007
133826.0510000007
134043.4420000007
134478.2250000007
134695.6160000007
134913.0070000007
135347.7900000007
135782.5730000007
135999.9640000007
136217.3550000007
136434.7460000007
136652.13700000072
136869.52800000072
137086.91900000072
137304.31000000073
137521.70100000073
137956.48400000072
138173.87500000073
138391.26600000073
138826.04900000073
139260.83200000072
139695.61500000072
140130.3980000007
140347.78900000072
140565.18000000072
140782.57100000072
140999.96200000073
141434.74500000072
141652.13600000073
141869.52700000073
142304.31000000073
142739.09300000072
142956.48400000072
143173.87500000073
143391.26600000073
143608.65700000073
143826.04800000074
144043.43900000074
144260.83000000074
144478.22100000075
144913.00400000074
145130.39500000075
145347.78600000075
145565.17700000075
145782.56800000076
145999.95900000076
146217.35000000076
146434.74100000077
146652.13200000077
146869.52300000077
147086.91400000078
147304.30500000078
147521.69600000078
147739.08700000079
147956.4780000008
148391.26100000078
148608.6520000008
148826.0430000008
149260.8260000008
149695.60900000078
149913.0000000008
150130.3910000008
150347.7820000008
150565.1730000008
150782.5640000008
150999.9550000008
151217.3460000008
151434.7370000008
151869.5200000008
152086.9110000008
152304.3020000008
152739.0850000008
153173.8680000008
153608.6510000008
154043.4340000008
154260.8250000008
154478.2160000008
154695.6070000008
154912.9980000008
155347.7810000008
155565.1720000008
155782.5630000008
155999.9540000008
156217.34500000082
156434.73600000082
156652.12700000082
157086.91000000082
157304.30100000082
157521.69200000082
157739.08300000083
157956.47400000083
158173.86500000083
158391.25600000084
158826.03900000083
159043.43000000084
159260.82100000084
159478.21200000084
159695.60300000085
159912.99400000085
160130.38500000085
160565.16800000085
160782.55900000085
160999.95000000086
161217.34100000086
161434.73200000086
161652.12300000087
161869.51400000087
162304.29700000086
162521.68800000087
162739.07900000087
162956.47000000087
163173.86100000088
163391.25200000088
163608.64300000088
164043.42600000088
164260.81700000088
164478.2080000009
164695.5990000009
164912.9900000009
165130.3810000009
165347.7720000009
165782.5550000009
165999.9460000009
166217.3370000009
166434.7280000009
166652.1190000009
166869.5100000009
167086.90100000091
167521.6840000009
167739.0750000009
167956.46600000092
168173.85700000092
168391.24800000092
168608.63900000093
168826.03000000093
169260.81300000093
169478.20400000093
169695.59500000093
169912.98600000094
170130.37700000094
170347.76800000094
170565.15900000095
170999.94200000094
171217.33300000094
171434.72400000095
171652.11500000095
171869.50600000095
172086.89700000096
172304.28800000096
172739.07100000096
172956.46200000096
173173.85300000096
173391.24400000097
173608.63500000097
173826.02600000097
174043.41700000098
174478.20000000097
174695.59100000098
174912.98200000098
175130.37300000098
175347.76400000099
175565.155000001
175782.546000001
176217.329000001
176434.720000001
176652.111000001
176869.502000001
177086.893000001
177304.284000001
177521.675000001
177956.458000001
178173.849000001
178391.240000001
178608.631000001
178826.02200000102
179043.41300000102
179260.80400000102
179695.58700000102
179912.97800000102
180130.36900000102
180347.76000000103
180565.15100000103
180782.54200000103
180999.93300000104
181434.71600000103
181869.49900000103
182086.89000000103
182304.28100000104
182521.67200000104
182739.06300000104
183608.62800000104
183826.01900000105
184043.41000000105
184260.80100000105
184478.19200000106
185347.75700000106
185565.14800000106
185782.53900000107
185999.93000000107
186217.32100000107
186652.10400000107
186869.49500000107
187086.88600000108
187304.27700000108
187521.66800000108
187739.05900000109
187956.4500000011
188391.23300000108
188826.01600000108
189043.40700000108
189260.7980000011
189478.1890000011
189695.5800000011
190565.1450000011
190782.5360000011
190999.9270000011
191217.3180000011
191434.7090000011
192304.2740000011
192521.6650000011
192739.05600000112
192956.44700000112
193173.83800000112
193608.62100000112
193826.01200000112
194043.40300000113
194260.79400000113
194478.18500000113
194695.57600000114
194912.96700000114
195347.75000000114
195782.53300000113
195999.92400000113
196217.31500000114
196434.70600000114
196652.09700000114
197521.66200000115
197739.05300000115
197956.44400000115
198173.83500000116
198391.22600000116
199260.79100000116
199478.18200000116
199695.57300000117
199912.96400000117
200130.35500000117
200565.13800000117
200782.52900000117
200999.92000000118
201217.31100000118
201434.70200000118
201652.0930000012
201869.4840000012
202304.2670000012
202739.05000000118
202956.44100000118
203173.8320000012
203391.2230000012
203608.6140000012
204478.1790000012
204695.5700000012
204912.9610000012
205130.3520000012
205347.7430000012
205782.5260000012
205999.9170000012
206217.3080000012
206434.69900000122
206652.09000000122
206869.48100000122
207086.87200000123
207521.65500000122
207739.04600000122
207956.43700000123
208173.82800000123
208391.21900000123
208608.61000000124
208826.00100000124
